1822 2048 2048 2048 
2164 2048 2048 2048 
2191 2048 2048 2048 
2050 2048 2048 2048 
2058 2048 2048 2048 
2053 2048 2048 2048 
2050 2048 2048 2048 
2045 2048 2048 2048 
2057 2048 2048 2048 
2055 2048 2048 2048 
2046 2048 2048 2048 
2051 2048 2048 2048 
2051 2048 2048 2048 
2161 2048 2048 2048 
2030 2048 2048 2048 
1951 2048 2048 2048 
2152 2048 2048 2048 
2075 2048 2048 2048 
1932 2048 2048 2048 
2123 2048 2048 2048 
1998 2048 2048 2048 
2162 2048 2048 2048 
2021 2048 2048 2048 
1953 2048 2048 2048 
2150 2048 2048 2048 
2074 2048 2048 2048 
1936 2048 2048 2048 
1975 2048 2048 2048 
2045 2048 2048 2048 
2128 2048 2048 2048 
1999 2048 2048 2048 
2014 2048 2048 2048 
2128 2048 2048 2048 
2028 2085 2048 2048 
2108 2048 2048 2048 
1971 2048 2048 2048 
2062 2048 2048 2048 
2002 2048 2048 2048 
2165 2048 2048 2048 
2022 2048 2048 2048 
2086 2048 2048 2048 
1918 2048 2048 2048 
2123 2048 2048 2048 
2127 2048 2048 2048 
1929 2048 2048 2048 
2072 2048 2048 2048 
2151 2048 2048 2048 
2171 2048 2048 2048 
2020 2048 2048 2048 
1952 2048 2048 2048 
2160 2048 2048 2048 
2068 2048 2048 2048 
1932 2048 2048 2048 
2127 2048 2048 2048 
2011 2048 2048 2048 
1964 2048 2048 2048 
2165 2048 2048 2048 
2053 2048 2048 2048 
1933 2048 2048 2048 
2141 2048 2048 2048 
2096 2048 2048 2048 
2149 2048 2048 2048 
1971 2048 2048 2048 
2011 2048 2048 2048 
2163 2048 2048 2048 
2009 2048 2048 2048 
1974 2048 2048 2048 
2157 1957 2048 2048 
2089 2048 2048 2048 
2107 2048 2048 2048 
1968 2048 2048 2048 
2099 2048 2048 2048 
2057 2048 2048 2048 
1998 2048 2048 2048 
1999 2048 2048 2048 
2107 2048 2048 2048 
2063 2048 2048 2048 
1990 2048 2048 2048 
2056 2048 2048 2048 
2071 2048 2048 2048 
2032 2048 2048 2048 
2039 2048 2048 2048 
2074 2048 2048 2048 
2045 2048 2048 2048 
2034 2048 2048 2048 
2052 2048 2048 2048 
2077 2048 2048 2048 
2028 2048 2048 2048 
2042 2048 2048 2048 
2083 2048 2048 2048 
2034 2048 2048 2048 
2030 2054 2048 2048 
2017 2048 2048 2048 
2072 2048 2048 2048 
2066 2048 134219776 1146290176 
2070 2048 2048 2048 
2042 2048 2048 2048 
2034 2048 2048 2048 
2071 2048 2048 2048 
2054 2048 2048 2048 
2034 2048 2048 2048 
2048 2048 2048 2048 
2036 2048 2048 2048 
2068 2048 2048 2048 
2054 2048 2048 2048 
2037 2048 2048 2048 
2058 2048 2048 2048 
2057 2048 2048 2048 
1961 2048 2048 2048 
2102 2048 2048 2048 
2100 2048 2048 2048 
1965 2048 2048 2048 
2064 2048 2048 2048 
2126 2048 2048 2048 
1983 2048 2048 2048 
2104 2048 2048 2048 
1923 2048 2048 2048 
2105 2048 2048 2048 
2135 2048 2048 2048 
1930 2048 2048 2048 
2059 2048 2048 2048 
2161 1958 2048 2048 
2143 2048 2048 2048 
2078 2048 2048 2048 
1935 2048 2048 2048 
1965 2048 2048 2048 
2021 2048 2048 2048 
2155 2048 2048 2048 
2007 2048 2048 2048 
1976 2048 2048 2048 
2143 2048 2048 2048 
2054 2048 2048 2048 
2088 2048 2048 2048 
1922 2048 2048 2048 
2116 2048 2048 2048 
2133 2048 2048 2048 
1922 2048 2048 2048 
2070 2048 2048 2048 
2163 2048 2048 2048 
2142 2048 2048 2048 
2022 2048 2048 2048 
1980 2048 2048 2048 
2130 2048 2048 2048 
2061 2048 2048 2048 
1963 2048 2048 2048 
2115 1977 2048 2048 
2074 2048 2048 2048 
2101 2048 2048 2048 
1993 2048 134219776 1146290176 
2127 2048 2048 2048 
2140 2048 2048 2048 
1914 2048 2048 2048 
2072 2048 2048 2048 
2169 2048 2048 2048 
1944 2048 2048 2048 
2049 2048 2048 2048 
1919 2048 2048 2048 
2151 2048 2048 2048 
2104 2048 2048 2048 
1911 2048 2048 2048 
2108 2048 2048 2048 
2150 2048 2048 2048 
2036 2048 2048 2048 
2109 2048 2048 2048 
2021 2048 2048 2048 
2019 2048 2048 2048 
2106 2048 2048 2048 
2045 2048 2048 2048 
2001 2048 2048 2048 
2010 2048 2048 2048 
2063 2048 2048 2048 
2080 2048 2048 2048 
2013 2048 2048 2048 
2053 2048 2048 2048 
2083 2048 2048 2048 
2022 2075 2048 2048 
2064 2048 2048 2048 
2015 2048 2048 2048 
2070 2048 2048 2048 
2064 2048 2048 2048 
2047 2048 2048 2048 
2040 2048 2048 2048 
2061 2048 2048 2048 
2055 2048 2048 2048 
2040 2048 2048 2048 
2052 2048 2048 2048 
2031 2048 2048 2048 
2056 2048 2048 2048 
2068 2048 2048 2048 
2035 2048 2048 2048 
2053 2048 2048 2048 
2066 2048 2048 2048 
2033 2048 2048 2048 
2044 2048 2048 2048 
2041 2048 2048 2048 
2067 2048 2048 2048 
2053 2048 2048 2048 
2034 2048 2048 2048 
2064 2048 2048 2048 
2060 2060 2048 2048 
2073 2048 2048 2048 
2029 2048 2048 2048 
2048 2048 134219776 1146290176 
2154 2048 2048 2048 
1974 2048 2048 2048 
2004 2048 2048 2048 
2165 2048 2048 2048 
2015 2048 2048 2048 
1954 2048 2048 2048 
1937 2048 2048 2048 
2082 2048 2048 2048 
2137 2048 2048 2048 
1956 2048 2048 2048 
2036 2048 2048 2048 
2153 2048 2048 2048 
1989 2048 2048 2048 
2073 2048 2048 2048 
2110 2048 2048 2048 
1986 2048 2048 2048 
2043 2048 2048 2048 
2114 2048 2048 2048 
2007 2048 2048 2048 
2018 2048 2048 2048 
2016 2048 2048 2048 
2071 2048 2048 2048 
2068 2048 2048 2048 
2018 2048 2048 2048 
2063 2048 2048 2048 
2075 2048 2048 2048 
2020 2086 2048 2048 
2064 2048 2048 2048 
2001 2048 2048 2048 
2073 2048 2048 2048 
2081 2048 2048 2048 
2156 2048 2048 2048 
1941 2048 2048 2048 
2006 2048 2048 2048 
2108 2048 2048 2048 
2056 2048 2048 2048 
1990 2048 2048 2048 
1912 2048 2048 2048 
2139 2048 2048 2048 
2124 2048 2048 2048 
1908 2048 2048 2048 
2089 2048 2048 2048 
2162 2048 2048 2048 
1935 2048 2048 2048 
1993 2048 2048 2048 
1951 2048 2048 2048 
2186 2048 2048 2048 
2054 2048 2048 2048 
1920 2048 2048 2048 
2151 2048 2048 2048 
2104 2081 2048 2048 
2166 2048 2048 2048 
1935 2048 2048 2048 
2027 2048 134219776 1146290176 
2078 2048 2048 2048 
2037 2048 2048 2048 
2030 2048 2048 2048 
2077 2048 2048 2048 
2050 2048 2048 2048 
2028 2048 2048 2048 
2031 2048 2048 2048 
2050 2048 2048 2048 
2070 2048 2048 2048 
2035 2048 2048 2048 
2046 2048 2048 2048 
2067 2048 2048 2048 
2036 2048 2048 2048 
2046 2048 2048 2048 
2031 2048 2048 2048 
2068 2048 2048 2048 
2058 2048 2048 2048 
2034 2048 2048 2048 
2057 2048 2048 2048 
2066 2048 2048 2048 
2084 2048 2048 2048 
2042 2048 2048 2048 
2029 2048 2048 2048 
2077 2048 2048 2048 
2049 2048 2048 2048 
2025 2048 2048 2048 
2073 2029 2048 2048 
2053 2048 2048 2048 
2076 2048 2048 2048 
2028 2048 2048 2048 
2062 2048 2048 2048 
2044 2048 2048 2048 
2047 2048 2048 2048 
2057 2048 2048 2048 
2023 2048 2048 2048 
2065 2048 2048 2048 
2065 2048 2048 2048 
2051 2048 2048 2048 
2061 2048 2048 2048 
2043 2048 2048 2048 
2053 2048 2048 2048 
2060 2048 2048 2048 
2045 2048 2048 2048 
2049 2048 2048 2048 
1928 2048 2048 2048 
2108 2048 2048 2048 
2128 2048 2048 2048 
1931 2048 2048 2048 
2064 2048 2048 2048 
2157 2048 2048 2048 
1963 2145 2048 2048 
2095 2048 2048 2048 
1923 2048 2048 2048 
2110 2048 134219776 1146290176 
2059 2048 2048 2048 
1967 2048 2048 2048 
2105 2048 2048 2048 
2098 2048 2048 2048 
1960 2048 2048 2048 
2075 2048 2048 2048 
2017 2048 2048 2048 
2149 2048 2048 2048 
2007 2048 2048 2048 
1988 2048 2048 2048 
2143 2048 2048 2048 
2044 2048 2048 2048 
1965 2048 2048 2048 
2067 2048 2048 2048 
1945 2048 2048 2048 
2120 2048 2048 2048 
2101 2048 2048 2048 
1944 2048 2048 2048 
2090 2048 2048 2048 
2125 2048 2048 2048 
2148 2048 2048 2048 
2020 2048 2048 2048 
1973 2048 2048 2048 
2148 2048 2048 2048 
2059 2048 2048 2048 
1948 2048 2048 2048 
2128 1978 2048 2048 
2045 2048 2048 2048 
2131 2048 2048 2048 
2004 2048 2048 2048 
1977 2048 2048 2048 
2094 2048 2048 2048 
2085 2048 2048 2048 
2009 2048 2048 2048 
2078 2048 2048 2048 
2080 2048 2048 2048 
2001 2048 2048 2048 
2036 2048 2048 2048 
1988 2048 2048 2048 
2116 2048 2048 2048 
2061 2048 2048 2048 
1972 2048 2048 2048 
2096 2048 2048 2048 
2089 2048 2048 2048 
2095 2048 2048 2048 
2006 2048 2048 2048 
2040 2048 2048 2048 
2103 2048 2048 2048 
2021 2048 2048 2048 
2027 2048 2048 2048 
2099 2005 2048 2048 
2068 2048 2048 2048 
2079 2048 2048 2048 
2009 2048 1146292224 2068 
2045 2048 2048 2048 
2043 2048 2048 2048 
2065 2048 2048 2048 
2058 2048 2048 2048 
2076 2048 2048 2048 
2026 2048 2048 2048 
2050 2048 2048 2048 
2076 2048 2048 2048 
2036 2048 2048 2048 
2039 2048 2048 2048 
2046 2048 2048 2048 
2064 2048 2048 2048 
2049 2048 2048 2048 
2038 2048 2048 2048 
2062 2048 2048 2048 
2058 2048 2048 2048 
2043 2053 2048 2048 
2050 2048 2048 2048 
2050 2048 2048 2048 
2056 2048 2048 2048 
2051 2048 2048 2048 
2051 2048 2048 2048 
2050 2048 2048 2048 
1146292224 1944 2048 2048 
2078 2048 2048 2048 
2132 2048 2048 2048 
1963 2048 2048 2048 
2039 2048 2048 2048 
2145 2048 2048 2048 
1995 2048 2048 2048 
1146290176 2124 2048 2048 
1935 2048 2048 2048 
2073 2048 2048 2048 
2144 2048 2048 2048 
1952 2048 2048 2048 
2030 2048 2048 2048 
2161 2048 2048 2048 
2157 2048 2048 2048 
2072 2048 2048 2048 
1924 2048 2048 2048 
2129 2048 2048 2048 
2118 2048 2048 2048 
1925 2048 2048 2048 
2084 2048 2048 2048 
2013 2048 2048 2048 
2133 2048 2048 2048 
2027 2048 2048 2048 
1983 2048 2048 2048 
2133 2048 2048 2048 
2057 2048 2048 2048 
1963 2048 2048 2048 
1976 2048 2048 2048 
2070 2048 2048 2048 
2111 2048 2048 2048 
1146290176 2136 2048 2048 
2130 2048 2048 2048 
1902 2048 2048 2048 
2084 2048 2048 2048 
2169 2048 2048 2048 
1926 2048 2048 2048 
2038 2048 2048 2048 
1970 2048 2048 2048 
1953 2048 2048 2048 
2211 2048 2048 2048 
2063 2048 2048 2048 
2086 2048 2048 2048 
2014 2048 2048 2048 
2015 2048 2048 2048 
2018 2048 2048 2048 
2035 2048 2048 2048 
2095 2048 2048 2048 
2031 2048 2048 2048 
2020 2048 2048 2048 
2099 2048 2048 2048 
2020 2048 2048 2048 
2052 2048 2048 2048 
2086 2048 2048 2048 
2021 2048 2048 2048 
2035 2048 2048 2048 
2089 2048 2048 2048 
2035 2063 2048 2048 
2080 2048 2048 2048 
2016 2048 2048 2048 
2046 2048 2048 2048 
2056 2048 2048 2048 
2055 2048 2048 2048 
2045 2048 2048 2048 
2056 2048 2048 2048 
2048 2048 2048 2048 
2041 2048 2048 2048 
2057 2048 2048 2048 
2044 2048 2048 2048 
2057 2048 2048 2048 
2053 2048 2048 2048 
2045 2048 2048 2048 
2054 2048 2048 2048 
2059 2048 2048 2048 
2041 2048 2048 2048 
2047 2048 2048 2048 
2030 2048 2048 2048 
2071 2048 2048 2048 
2059 2048 2048 2048 
2029 2048 2048 2048 
2058 2048 2048 2048 
2070 2040 2048 2048 
2081 2048 2048 2048 
2039 2048 2048 2048 
2032 2048 134219776 1146290176 
2171 2048 2048 2048 
2053 2048 2048 2048 
1927 2048 2048 2048 
2142 2048 2048 2048 
2107 2048 2048 2048 
1916 2048 2048 2048 
1975 2048 2048 2048 
2000 2048 2048 2048 
2162 2048 2048 2048 
2015 2048 2048 2048 
1958 2048 2048 2048 
2156 2048 2048 2048 
2070 2048 2048 2048 
2001 2048 2048 2048 
2131 2048 2048 2048 
2041 2048 2048 2048 
1975 2048 2048 2048 
2119 2048 2048 2048 
2079 2048 2048 2048 
1960 2048 2048 2048 
2009 2048 2048 2048 
2023 2048 2048 2048 
2105 2048 2048 2048 
2037 2048 2048 2048 
2007 2048 2048 2048 
2090 2048 2048 2048 
2066 2063 2048 2048 
2118 2048 2048 2048 
1992 2048 2048 2048 
2039 2048 2048 2048 
2005 2048 2048 2048 
2189 2048 2048 2048 
1997 2048 2048 2048 
1961 2048 2048 2048 
2095 2048 2048 2048 
2116 2048 2048 2048 
1961 2048 2048 2048 
1913 2048 2048 2048 
2054 2048 2048 2048 
2183 2048 2048 2048 
1952 2048 2048 2048 
2000 2048 2048 2048 
2189 2048 2048 2048 
2002 2048 2048 2048 
2081 2048 2048 2048 
1912 2048 2048 2048 
2133 2048 2048 2048 
2132 2048 2048 2048 
1909 2048 2048 2048 
2082 2048 2048 2048 
2167 2000 2048 2048 
2179 2048 2048 2048 
2014 2048 2048 2048 
1949 2048 134219776 1146290176 
2078 2048 2048 2048 
2054 2048 2048 2048 
2023 2048 2048 2048 
2075 2048 2048 2048 
2058 2048 2048 2048 
2015 2048 2048 2048 
2027 2048 2048 2048 
2046 2048 2048 2048 
2076 2048 2048 2048 
2037 2048 2048 2048 
2034 2048 2048 2048 
2077 2048 2048 2048 
2045 2048 2048 2048 
2056 2048 2048 2048 
2042 2048 2048 2048 
2057 2048 2048 2048 
2057 2048 2048 2048 
2036 2048 2048 2048 
2052 2048 2048 2048 
2064 2048 2048 2048 
2070 2048 2048 2048 
2061 2048 2048 2048 
2023 2048 2048 2048 
2063 2048 2048 2048 
2071 2048 2048 2048 
2030 2048 2048 2048 
2048 2043 2048 2048 
2036 2048 2048 2048 
2065 2048 2048 2048 
2052 2048 2048 2048 
2063 2048 2048 2048 
2052 2048 2048 2048 
2038 2048 2048 2048 
2054 2048 2048 2048 
2036 2048 2048 2048 
2061 2048 2048 2048 
2064 2048 2048 2048 
2048 2048 2048 2048 
2069 2048 2048 2048 
2039 2048 2048 2048 
2037 2048 2048 2048 
2070 2048 2048 2048 
2050 2048 2048 2048 
2038 2048 2048 2048 
1951 2048 2048 2048 
2025 2048 2048 2048 
2169 2048 2048 2048 
1991 2048 2048 2048 
1975 2048 2048 2048 
2167 2048 2048 2048 
2038 2075 2048 2048 
2155 2048 2048 2048 
1945 2048 2048 2048 
2031 2048 134219776 1146290176 
1968 2048 2048 2048 
1995 2048 2048 2048 
2170 2048 2048 2048 
2017 2048 2048 2048 
1954 2048 2048 2048 
2161 2048 2048 2048 
2102 2048 2048 2048 
2117 2048 2048 2048 
1951 2048 2048 2048 
2062 2048 2048 2048 
2146 2048 2048 2048 
1974 2048 2048 2048 
2006 2048 2048 2048 
2096 2048 2048 2048 
1974 2048 2048 2048 
2064 2048 2048 2048 
2118 2048 2048 2048 
1994 2048 2048 2048 
2024 2048 2048 2048 
2128 2048 2048 2048 
2119 2048 2048 2048 
2075 2048 2048 2048 
1970 2048 2048 2048 
2094 2048 2048 2048 
2090 2048 2048 2048 
1975 2048 2048 2048 
2071 2038 2048 2048 
2002 2048 2048 2048 
2112 2048 2048 2048 
2053 2048 2048 2048 
2098 2048 2048 2048 
2081 2048 2048 2048 
1984 2048 2048 2048 
2003 2048 2048 2048 
2048 2048 2048 2048 
2102 2048 2048 2048 
2014 2048 2048 2048 
2038 2048 2048 2048 
2092 2048 2048 2048 
2032 2048 2048 2048 
2027 2048 2048 2048 
2085 2048 2048 2048 
2048 2048 2048 2048 
2020 2048 2048 2048 
2019 2048 2048 2048 
2088 2048 2048 2048 
2052 2048 2048 2048 
2007 2048 2048 2048 
2078 2048 2048 2048 
2071 2048 2048 2048 
2008 2074 2048 2048 
2039 2048 2048 2048 
2035 2048 2048 2048 
2076 2048 134219776 1146290176 
2042 2048 2048 2048 
2073 2048 2048 2048 
2048 2048 2048 2048 
2031 2048 2048 2048 
2070 2048 2048 2048 
2057 2048 2048 2048 
2076 2048 2048 2048 
2036 2048 2048 2048 
2038 2048 2048 2048 
2073 2048 2048 2048 
2045 2048 2048 2048 
2034 2048 2048 2048 
2075 2048 2048 2048 
2037 2048 2048 2048 
2047 2048 2048 2048 
2065 2048 2048 2048 
2045 2048 2048 2048 
2041 2048 2048 2048 
2069 2048 2048 2048 
2046 2048 2048 2048 
2172 2048 2048 2048 
2019 2048 2048 2048 
1943 2048 2048 2048 
2163 2048 2048 2048 
2079 2048 2048 2048 
1914 2048 2048 2048 
2133 1955 2048 2048 
2024 2048 2048 2048 
2166 2048 2048 2048 
1997 2048 2048 2048 
2074 2048 2048 2048 
1924 2048 2048 2048 
2127 2048 2048 2048 
2153 2048 2048 2048 
1927 2048 2048 2048 
2052 2048 2048 2048 
2169 2048 2048 2048 
2151 2048 2048 2048 
2001 2048 2048 2048 
1986 2048 2048 2048 
2152 2048 2048 2048 
2045 2048 2048 2048 
1950 2048 2048 2048 
2131 2048 2048 2048 
2069 2048 2048 2048 
2099 2048 2048 2048 
1998 2048 2048 2048 
2043 2048 2048 2048 
2105 2048 2048 2048 
2020 2048 2048 2048 
2015 2075 2048 2048 
2007 2048 2048 2048 
2068 2048 2048 2048 
2079 2048 134219776 1146290176 
1965 2048 2048 2048 
2207 2048 2048 2048 
2028 2048 2048 2048 
1914 2048 2048 2048 
2177 2048 2048 2048 
2092 2048 2048 2048 
2165 2048 2048 2048 
1916 2048 2048 2048 
2044 2048 2048 2048 
2195 2048 2048 2048 
1956 2048 2048 2048 
1983 2048 2048 2048 
2198 2048 2048 2048 
2006 2048 2048 2048 
2099 2048 2048 2048 
2063 2048 2048 2048 
1991 2048 2048 2048 
2078 2048 2048 2048 
2087 2048 2048 2048 
1994 2048 2048 2048 
2034 2048 2048 2048 
2037 2048 2048 2048 
2078 2048 2048 2048 
2044 2048 2048 2048 
2028 2048 2048 2048 
2080 2048 2048 2048 
2050 2041 2048 2048 
2086 2048 2048 2048 
2026 2048 2048 2048 
2030 2048 2048 2048 
2056 2048 2048 2048 
2054 2048 2048 2048 
2042 2048 2048 2048 
2049 2048 2048 2048 
2069 2048 2048 2048 
2043 2048 2048 2048 
2046 2048 2048 2048 
2033 2048 2048 2048 
2048 2048 2048 2048 
2069 2048 2048 2048 
2035 2048 2048 2048 
2041 2048 2048 2048 
2073 2048 2048 2048 
2046 2048 2048 2048 
2072 2048 2048 2048 
2037 2048 2048 2048 
2041 2048 2048 2048 
2073 2048 2048 2048 
2048 2048 2048 2048 
2031 2048 2048 2048 
2065 2018 2048 2048 
2067 2048 2048 2048 
2071 2048 2048 2048 
2019 2048 134219776 1146290176 
2123 2048 2048 2048 
2126 2048 2048 2048 
1918 2048 2048 2048 
2079 2048 2048 2048 
2158 2048 2048 2048 
1944 2048 2048 2048 
2057 2048 2048 2048 
1933 2048 2048 2048 
2138 2048 2048 2048 
2107 2048 2048 2048 
1928 2048 2048 2048 
2096 2048 2048 2048 
2137 2048 2048 2048 
1948 2048 2048 2048 
2092 2048 2048 2048 
2118 2048 2048 2048 
1958 2048 2048 2048 
2064 2048 2048 2048 
2130 2048 2048 2048 
1978 2048 2048 2048 
2058 2048 2048 2048 
1984 2048 2048 2048 
2094 2048 2048 2048 
2087 2048 2048 2048 
1975 2048 2048 2048 
2069 2048 2048 2048 
2111 2027 2048 2048 
2125 2048 2048 2048 
2026 2048 2048 2048 
1996 2048 2048 2048 
1935 2048 2048 2048 
2167 2048 2048 2048 
2080 2048 2048 2048 
1969 2048 2048 2048 
2046 2048 2048 2048 
2131 2048 2048 2048 
1996 2048 2048 2048 
1969 2048 2048 2048 
1985 2048 2048 2048 
2183 2048 2048 2048 
2028 2048 2048 2048 
1931 2048 2048 2048 
2167 2048 2048 2048 
2087 2048 2048 2048 
2139 2048 2048 2048 
1930 2048 2048 2048 
2058 2048 2048 2048 
2162 2048 2048 2048 
1962 2048 2048 2048 
2008 2048 2048 2048 
2179 1954 2048 2048 
2141 2048 2048 2048 
2078 2048 2048 2048 
1940 2048 134219776 1146290176 
2078 2048 2048 2048 
2065 2048 2048 2048 
2016 2048 2048 2048 
2064 2048 2048 2048 
2075 2048 2048 2048 
2019 2048 2048 2048 
2041 2048 2048 2048 
2035 2048 2048 2048 
2075 2048 2048 2048 
2042 2048 2048 2048 
2029 2048 2048 2048 
2077 2048 2048 2048 
2056 2048 2048 2048 
2058 2048 2048 2048 
2054 2048 2048 2048 
2040 2048 2048 2048 
2056 2048 2048 2048 
2059 2048 2048 2048 
2044 2048 2048 2048 
2049 2048 2048 2048 
2044 2048 2048 2048 
2067 2048 2048 2048 
2045 2048 2048 2048 
2040 2048 2048 2048 
2071 2048 2048 2048 
2047 2048 2048 2048 
2036 2057 2048 2048 
2044 2048 2048 2048 
2052 2048 2048 2048 
2063 2048 2048 2048 
2063 2048 2048 2048 
2063 2048 2048 2048 
2031 2048 2048 2048 
2055 2048 2048 2048 
2046 2048 2048 2048 
2056 2048 2048 2048 
2052 2048 2048 2048 
2038 2048 2048 2048 
2069 2048 2048 2048 
2052 2048 2048 2048 
2034 2048 2048 2048 
2067 2048 2048 2048 
2054 2048 2048 2048 
2029 2048 2048 2048 
2024 2048 2048 2048 
1954 2048 2048 2048 
2156 2048 2048 2048 
2076 2048 2048 2048 
1926 2048 2048 2048 
2128 2048 2048 2048 
2120 1991 2048 2048 
2176 2048 2048 2048 
2027 2048 2048 2048 
1941 2048 134219776 1146290176 
2043 2048 2048 2048 
1951 2048 2048 2048 
2140 2048 2048 2048 
2087 2048 2048 2048 
1934 2048 2048 2048 
2102 2048 2048 2048 
2026 2048 2048 2048 
2138 2048 2048 2048 
2012 2048 2048 2048 
1994 2048 2048 2048 
2135 2048 2048 2048 
2049 2048 2048 2048 
1970 2048 2048 2048 
2110 2048 2048 2048 
2037 2048 2048 2048 
2008 2048 2048 2048 
2102 2048 2048 2048 
2053 2048 2048 2048 
1998 2048 2048 2048 
2095 2048 2048 2048 
2054 2048 2048 2048 
2108 2048 2048 2048 
2008 2048 2048 2048 
2031 2048 2048 2048 
2114 2048 2048 2048 
2033 2048 2048 2048 
2007 2091 2048 2048 
1988 2048 2048 2048 
2061 2048 2048 2048 
2099 2048 2048 2048 
2079 2048 2048 2048 
2111 2048 2048 2048 
1979 2048 2048 2048 
2023 2048 2048 2048 
2028 2048 2048 2048 
2099 2048 2048 2048 
2043 2048 2048 2048 
2026 2048 2048 2048 
2104 2048 2048 2048 
2033 2048 2048 2048 
2005 2048 2048 2048 
2099 2048 2048 2048 
2057 2048 2048 2048 
2001 2048 2048 2048 
2003 2048 2048 2048 
2076 2048 2048 2048 
2082 2048 2048 2048 
2002 2048 2048 2048 
2062 2048 2048 2048 
2093 2048 2048 2048 
2004 2069 2048 2048 
2053 2048 2048 2048 
2026 2048 2048 2048 
2069 2048 134219776 1146290176 
2028 2048 2048 2048 
2061 2048 2048 2048 
2065 2048 2048 2048 
2030 2048 2048 2048 
2056 2048 2048 2048 
2075 2048 2048 2048 
2074 2048 2048 2048 
2049 2048 2048 2048 
2032 2048 2048 2048 
2071 2048 2048 2048 
2062 2048 2048 2048 
2024 2048 2048 2048 
2057 2048 2048 2048 
2049 2048 2048 2048 
2039 2048 2048 2048 
2062 2048 2048 2048 
2058 2048 2048 2048 
2040 2048 2048 2048 
2051 2048 2048 2048 
2064 2048 2048 2048 
2144 2048 2048 2048 
2120 2048 2048 2048 
1912 2048 2048 2048 
2097 2048 2048 2048 
2149 2048 2048 2048 
1926 2048 2048 2048 
2052 2047 2048 2048 
1939 2048 2048 2048 
2144 2048 2048 2048 
2094 2048 2048 2048 
2145 2048 2048 2048 
1936 2048 2048 2048 
2046 2048 2048 2048 
2191 2048 2048 2048 
1984 2048 2048 2048 
1955 2048 2048 2048 
2183 2048 2048 2048 
2107 2048 2048 2048 
2091 2048 2048 2048 
1962 2048 2048 2048 
2087 2048 2048 2048 
2107 2048 2048 2048 
1968 2048 2048 2048 
2058 2048 2048 2048 
2016 2048 2048 2048 
2094 2048 2048 2048 
2055 2048 2048 2048 
2000 2048 2048 2048 
2088 2048 2048 2048 
2075 2048 2048 2048 
2001 2094 2048 2048 
2030 2048 2048 2048 
2020 2048 2048 2048 
2094 2048 134219776 1146290176 
1891 2048 2048 2048 
2163 2048 2048 2048 
2133 2062 2048 2048 
2181 2048 2048 2048 
1941 2048 2048 2048 
2006 2048 2048 2048 
2197 2048 2048 2048 
1995 2048 2048 2048 
1946 2048 2048 2048 
1146292360 2031 2048 2048 
2081 2048 2048 2048 
2045 2048 2048 2048 
2024 2048 2048 2048 
2000 2048 2048 2048 
2074 2048 2048 2048 
2087 2048 2048 2048 
2067 2048 2048 2048 
2055 2048 2048 2048 
2032 2048 2048 2048 
2067 2048 2048 2048 
2057 2048 2048 2048 
2023 2048 2048 2048 
2065 2048 2048 2048 
2026 2048 2048 2048 
2093 2048 2048 2048 
2044 2048 2048 2048 
1146290176 2045 2048 2048 
2053 2048 2048 2048 
2054 2048 2048 2048 
2050 2048 2048 2048 
2051 2048 2048 2048 
2056 2048 2048 2048 
2049 2048 2048 2048 
2054 2048 2048 2048 
2039 2048 2048 2048 
2054 2048 2048 2048 
2059 2048 2048 2048 
2047 2048 2048 2048 
2046 2048 2048 2048 
2061 2048 2048 2048 
2043 2048 2048 2048 
