8130 516 2309 570 
8820 271 4014 739 
8587 173 4862 574 
8340 136 1543766016 472776705 
54324 110837 13706 793 
73510 113811 7842 571 
77536 107582 9383 325 
63374 98747 13723 976 
55041 90403 10829 781 
66077 84762 6485 478 
63171 89400 5190 962 
54423 100187 7163 653 
57776 106349 7415 1493 
74865 110524 3205 493 
76105 112326 3207 794 
61362 118174 7146 628 
57558 125854 7616 1386 
72757 123595 3413 836 
80951 118297 4994 891 
65215 123210 9865 624 
53551 127297 8091 1235 
66354 100332 4556 2009 
112917 56237 18297 209 
131995 25693 15558 2618 
81588 9501 3490 1371 
65821 6565 2215 466 
42318 8670 3877 215 
39622 11046 2820 152 
32093 5564 2179 96 
18270 1732 53 704 
19586 2677 382 78 
18377 2240 709 309 
16963 559 2148 542 
18143 330 2053 380 
17171 301 1522 568 
15831 537 1080 363 
15180 379 1334 438 
14683 491 1676 390 
12810 798 1550 447 
10490 1860 1119 250 
9225 1479 1147 381 
7610 2310 1728 421 
2944 6691 1073 178 
894 7033 1520 30 
658 2775 1925 511 
224 2810 1686 157 
300 3642 1868 54 
388 3311 2184 51 
936 2098 1838 234 
1575 466 348 331 
624 621 14 8 
739 1281 214 122 
678 1352 408 137 
891 821 1016 4 
1494 495 1200 99 
1274 366 986 49 
1050 298 800 93 
1058 339 832 106 
1205 606 486 146 
973 595 317 93 
783 691 386 51 
530 2485 535 632 
5321 11024 1911 219 
11380 30499 3662 1536 
7737 57825 3225 159 
4050 74158 581 2035 
1009 103742 11253 431 
4451 110688 7902 553 
5789 107226 4147 210 
4767 114218 3686 88 
5305 112422 5393 783 
11651 120833 4311 118 
12716 121588 2080 373 
8564 120312 3928 27 
5898 116806 7099 941 
12791 116554 4824 169 
15782 112049 3132 449 
11502 105429 6669 28 
7392 103359 11089 510 
14107 101942 7051 76 
16839 101271 5176 2 
17917 103032 4936 0 
22354 119792 10937 564 
44304 119783 6514 239 
72868 96537 3764 707 
66204 86562 11549 176 
53411 91776 16029 650 
58550 93199 12349 217 
58754 92922 11812 388 
61789 91350 9636 862 
53193 90022 11924 1784 
67546 100014 9865 260 
74835 103606 6649 889 
65814 110463 8248 266 
47758 113816 13222 1872 
57403 113338 5931 69 
78243 107861 3298 850 
77292 105765 6792 250 
57700 110335 9992 1536 
59859 114359 5777 326 
72481 105455 6112 670 
91356 84442 11722 989 
82550 55516 6696 945 
49363 30679 980 1195 
38391 10706 8531 249 
50349 3617 7276 1090 
38804 1626 6487 1775 
28646 2844 3716 413 
19670 809 6920 31 
15173 1104 5124 437 
17924 2565 3283 99 
15052 1304 1818 440 
16481 232 1883 454 
16672 177 2107 336 
14669 23 2140 456 
13244 100 1278 197 
14097 193 821 444 
10709 236 230 535 
10237 551 378 401 
10760 941 185 316 
9524 584 440 250 
7610 1294 1088 140 
3531 2659 1536 338 
1632 2651 703 206 
1444 1261 2240 331 
1035 2461 1554 24 
1420 2291 1897 77 
1975 1292 1656 196 
909 1491 587 7 
452 2184 415 132 
379 1717 281 229 
1160 561 80 157 
1381 280 355 61 
1370 249 370 87 
1379 299 651 153 
880 346 952 58 
894 765 521 149 
931 796 502 128 
1145 564 347 50 
1232 550 202 109 
991 821 125 89 
3211 3567 1701 684 
13093 13567 3614 225 
18653 30062 1009 686 
10584 59575 2002 668 
1955 89352 4698 280 
1733 87607 843 48 
3090 74493 2322 80 
2855 78848 4828 296 
11099 100407 9685 525 
15300 114571 5928 27 
13121 119840 4349 285 
10967 123072 5738 148 
12231 121916 5347 530 
16654 119282 3149 141 
16357 117168 3700 364 
9404 116376 8404 122 
11796 119184 9282 801 
20311 121698 4378 72 
22389 115876 5357 244 
15471 118038 10524 66 
18644 125746 11354 639 
40166 116511 3144 146 
55325 96061 7617 101 
49530 102835 12288 248 
52665 111010 12470 21 
63177 100201 10029 267 
71385 90500 13151 179 
59691 84288 16978 1268 
59473 93506 15992 316 
70599 101598 11393 257 
72891 99359 11320 464 
66305 95376 13376 1183 
58755 96214 12518 162 
77405 96477 5749 637 
83092 97282 6454 111 
66309 102830 12676 1082 
58373 113794 13338 284 
65769 109983 9564 678 
74206 104781 12784 129 
61803 108489 19225 1032 
38336 99778 11486 37 
28449 65314 15397 1138 
54372 29227 28085 853 
86008 5273 15744 3289 
66395 184 5482 431 
47681 1017 8618 1091 
34846 2885 7052 1185 
24289 1927 9216 764 
17891 414 8054 529 
16915 65 6610 620 
14756 726 6154 1198 
17435 1818 4080 1415 
15336 1223 3640 1012 
15117 1203 3504 997 
14051 1368 3195 1197 
14330 1787 2403 1189 
12678 927 2442 954 
13158 703 2440 598 
12028 821 2432 597 
11734 944 1679 501 
9670 1767 730 161 
6885 3731 1954 259 
3856 4386 1021 305 
2926 1244 2622 185 
1196 245 5167 1013 
117 2153 5384 185 
128 2259 5435 121 
215 1440 5501 252 
991 380 2928 236 
596 720 1299 8 
430 850 1315 27 
293 525 971 49 
72 224 1257 18 
132 185 1522 18 
328 381 1143 39 
479 378 1170 55 
824 423 664 104 
517 763 337 24 
369 594 456 10 
91 285 334 38 
696 1739 1445 554 
5522 12304 3241 294 
10527 37084 1961 1058 
6134 81120 3361 1066 
3379 100547 2509 129 
2417 100872 2762 126 
3216 112192 9947 652 
14042 113683 9194 75 
19375 107937 3159 598 
12319 114083 3953 192 
10905 122601 9263 1134 
24094 138073 8569 497 
26575 149450 4055 468 
17561 161606 4469 187 
10865 167673 10559 1211 
20211 171334 7881 237 
27142 165710 5071 588 
24175 156267 9339 20 
14875 149737 13739 720 
19936 140603 7751 24 
30168 123987 6841 166 
34238 114404 9200 0 
33309 125035 14123 241 
48193 115356 6258 457 
73553 95245 5686 340 
69328 92309 11047 48 
62054 102038 14690 284 
69666 107213 11386 14 
70614 106606 11159 43 
67971 103930 13388 329 
48730 103902 17004 847 
58074 106637 9334 102 
73242 101694 8182 210 
72636 97275 13407 330 
53783 107184 19454 1309 
62707 118530 13033 141 
74201 113621 12676 321 
72700 114335 17721 127 
54863 124236 22588 905 
57965 131726 13606 114 
81681 103015 22237 212 
127702 59670 31019 1404 
118087 33375 17571 274 
77742 16684 8303 1146 
58758 9408 11815 827 
42348 14579 5381 936 
34821 14627 4757 714 
20938 6678 4716 1345 
14601 2647 7511 292 
18746 2463 4422 1430 
17383 1989 4730 1968 
18049 2616 5592 1705 
15298 3222 7224 951 
16590 4101 6008 1399 
16907 3946 5642 1431 
18668 3436 5286 1018 
18483 3473 5440 974 
15605 3998 5319 698 
12223 3027 6786 1252 
14295 2364 4817 459 
13223 3731 3202 782 
7933 6229 5436 160 
2068 6806 5628 1216 
712 7000 3713 455 
124 4339 6242 99 
616 1483 8859 231 
1462 568 7346 241 
542 1449 4187 41 
180 1970 4036 61 
1 912 2923 218 
239 229 1846 17 
208 141 2335 142 
203 150 2381 179 
144 63 2338 140 
104 100 2304 148 
75 200 1897 67 
107 98 1625 1 
18 38 1016 142 
69 78 741 128 
301 64 905 63 
3015 1393 120 671 
11319 8917 4258 169 
16835 26418 5002 1161 
9971 52930 605 217 
1716 83186 3267 1174 
2563 126214 11851 546 
7182 135123 6151 257 
9168 129863 6269 279 
9623 136613 6760 386 
15352 142956 8713 472 
27751 139980 2951 657 
27967 136265 4122 546 
14925 140637 10989 613 
14767 144356 9185 705 
22277 143435 5086 320 
24048 139367 6936 329 
16336 139919 11792 329 
14864 140075 9222 419 
23862 136595 4436 182 
29735 124926 7245 6 
25186 125868 10706 340 
26783 134041 9083 162 
51000 122678 2706 650 
65869 107338 6295 41 
65504 110944 7103 49 
61730 106976 5119 43 
67969 98271 5664 226 
70787 95457 7640 67 
54595 105826 11839 1239 
61520 128956 8963 153 
77904 132159 6190 338 
94266 118109 11696 79 
76670 114271 15453 1172 
62882 122277 9797 31 
75405 117404 6661 546 
80891 115813 9442 96 
67341 126958 13622 616 
60694 138295 9682 53 
72144 132656 8844 770 
86706 126493 15732 19 
80745 114963 13385 857 
55513 83503 7760 519 
24711 40268 27146 1382 
37181 10171 22557 1796 
61421 2339 7613 1559 
41173 109 1568 12 
35439 771 2702 126 
28596 273 1186 458 
23398 67 2668 930 
27219 672 3557 1237 
22955 663 4766 685 
18733 1821 3203 1125 
17698 3132 4494 797 
20453 4217 4472 909 
21993 4459 4048 931 
20612 5199 4382 944 
18270 5836 4966 996 
16186 4832 3050 508 
17412 2639 4875 936 
22218 1150 7397 118 
15737 1887 6207 989 
7849 3380 3189 238 
2854 1259 5251 102 
1480 581 4091 37 
543 2027 5575 500 
42 4096 4306 170 
68 2801 5103 16 
208 996 4794 230 
556 487 2178 36 
358 926 1851 93 
185 1213 2192 91 
8 679 1494 149 
42 290 2038 113 
134 120 1934 73 
78 18 1380 105 
61 6 1195 153 
41 36 993 193 
146 58 898 123 
142 84 728 68 
155 94 791 74 
436 1572 1854 780 
5759 11645 1630 210 
12259 33456 1468 848 
10018 73376 4127 1225 
4967 107619 3231 211 
8138 88223 4967 1019 
5658 77013 11408 34 
9981 97828 21050 1170 
25122 123079 13403 76 
25880 138835 7182 373 
20831 142521 9632 119 
13551 136474 9236 947 
19872 131433 3599 20 
24900 126690 3658 311 
18036 129181 8074 15 
11194 136963 10823 863 
19383 145686 5891 35 
25519 141408 5758 239 
24069 133455 9754 48 
16905 131760 10496 355 
22260 123428 3894 223 
36574 98723 8010 12 
45856 88941 7385 39 
48825 99438 9283 110 
69884 103662 2500 647 
79265 113814 1703 362 
62457 130952 4842 310 
54640 152106 5227 529 
67502 159484 1897 430 
84449 153140 4781 109 
76062 153357 9626 799 
50640 173562 8739 679 
60380 179819 1853 562 
82545 170113 5196 121 
80456 169943 9048 495 
62962 176980 7132 183 
62535 173931 3352 922 
81938 165434 8704 198 
83630 163998 10943 749 
61267 173244 6302 462 
43277 150190 6886 1650 
58994 93374 17569 80 
103868 47717 6992 2139 
97245 21826 462 44 
72063 11228 2744 126 
45995 7483 397 985 
40253 12576 334 189 
35025 11400 421 93 
23086 4318 2275 1058 
24731 2312 2344 381 
21218 2446 2787 342 
16630 2681 879 770 
18721 2952 646 478 
21855 2493 1176 433 
22820 2226 1066 423 
21778 2106 916 352 
20311 1589 1695 534 
22066 934 1673 284 
21935 989 1757 221 
19230 1053 1593 96 
13384 491 2921 344 
10022 91 2018 126 
5351 1367 3179 128 
1282 4887 750 56 
342 3744 1616 221 
209 2736 1630 260 
688 4121 937 15 
788 4343 666 104 
593 3972 891 90 
85 1956 176 245 
90 967 75 10 
133 920 289 110 
95 1075 389 111 
49 835 474 101 
25 707 524 116 
76 486 445 114 
92 260 189 40 
21 334 47 155 
54 473 27 140 
97 385 13 145 
1685 725 997 1066 
10604 9856 3804 159 
18126 35514 3804 2365 
11530 67486 1479 90 
4079 93139 1035 1383 
801 128804 7501 70 
7653 164704 6108 460 
18731 170687 3116 278 
22014 161308 7220 99 
11495 162875 8590 811 
13886 175640 3582 553 
22803 173269 2071 562 
24079 169673 5438 362 
13647 179777 8951 475 
14393 186987 4446 397 
22660 180937 3367 593 
27233 169692 8406 207 
15872 173003 12356 661 
14791 181574 6858 232 
22698 182062 4306 238 
28033 170204 5746 79 
27053 180858 7519 304 
35305 198643 3329 267 
65918 189968 1657 507 
76448 178130 4660 3 
62972 183595 5167 315 
59180 185520 934 140 
79891 182502 2331 287 
84749 185510 5957 144 
59255 208216 6719 689 
53388 222667 1342 167 
77887 216140 4984 617 
95385 214178 10730 161 
71936 229971 9103 686 
55655 239509 2793 267 
68344 221944 8868 269 
89903 198403 10296 471 
76417 197837 6357 648 
56658 203198 1620 376 
67686 195045 7047 446 
101355 165565 6249 1249 
124307 124063 712 134 
97119 81873 7843 2184 
52484 39365 12625 13 
50658 12824 2121 2136 
44896 13591 938 2035 
32415 20854 188 506 
26692 15541 175 328 
23766 9573 702 1248 
28957 7470 902 400 
22766 4443 1286 1001 
22050 1866 984 1018 
24576 1615 709 753 
25787 1104 905 588 
24538 952 1174 531 
22957 664 977 479 
21025 337 1416 723 
21976 375 1957 396 
19887 305 2677 311 
19612 224 2633 388 
18316 764 2745 45 
11466 3346 891 384 
5046 5260 3154 248 
681 4832 813 216 
227 4997 278 29 
421 3637 704 23 
1126 2285 707 49 
569 2065 253 130 
72 2907 12 1 
183 2749 2 2 
464 1907 36 49 
386 1247 246 31 
100 997 302 7 
68 968 302 24 
36 793 537 84 
78 607 636 47 
67 270 374 175 
1 42 77 156 
35 49 19 78 
45 51 20 103 
1109 624 620 821 
7880 9146 3876 193 
14233 34748 4521 2026 
7867 82495 3284 487 
1772 131500 1047 348 
5094 141954 1659 1723 
12181 132162 7631 137 
9600 129718 5751 523 
9291 157050 2748 703 
16067 164572 1833 668 
24942 156032 5454 360 
21282 156532 5712 427 
13164 164582 1595 729 
18664 162379 1803 535 
27679 157798 5391 595 
19749 169977 7038 180 
12084 181858 3050 333 
16155 178398 4063 724 
27614 168072 9231 199 
23251 172190 9437 547 
15100 198195 3800 519 
27360 214259 2798 592 
50216 184465 6725 36 
61482 163640 3839 63 
55986 169336 1606 167 
69452 181028 2630 195 
81212 185822 4735 47 
69542 200082 3850 513 
52298 216865 649 147 
61751 216584 6718 1131 
94364 212104 10855 147 
90976 218453 6397 722 
74521 237253 2405 48 
70833 229320 7756 768 
96141 206946 9693 186 
101740 200993 5202 704 
70904 207409 1344 261 
62327 207730 8884 832 
87050 198192 9149 317 
93291 199553 4215 764 
72287 188772 5225 1115 
32177 130284 15950 655 
29063 66401 6671 2925 
65185 30219 13 642 
76731 17763 1267 949 
55328 8201 3174 560 
41279 1262 1151 947 
38502 630 901 660 
34666 2023 755 507 
34754 2513 472 970 
30180 2265 81 1623 
29664 2091 96 1382 
26853 2443 68 1039 
25184 1903 63 1173 
24132 1845 105 1315 
25149 1489 356 1152 
22081 1571 769 601 
21785 1664 1131 868 
22697 1391 835 671 
23008 1176 1215 425 
20993 543 1851 568 
11510 331 687 635 
6201 1316 359 524 
2922 660 510 313 
1202 76 125 244 
426 156 158 458 
155 688 147 141 
196 764 214 85 
741 733 514 250 
1120 1372 474 120 
693 2041 219 97 
354 1867 376 48 
45 1101 421 151 
78 791 238 61 
186 518 314 77 
237 313 433 74 
76 96 411 164 
114 67 308 81 
198 42 294 119 
246 38 252 139 
42 435 431 767 
4752 7312 2105 121 
15214 28508 3710 1954 
15232 60776 2950 16 
9385 93307 156 1338 
6452 99471 966 268 
6242 106023 1074 720 
12150 121080 29 340 
26857 122683 2801 1123 
24994 131987 5500 88 
13847 151224 3256 1168 
16607 167315 472 150 
26403 160041 2951 654 
26526 163610 5144 29 
14855 176600 3080 795 
13939 183825 483 58 
24555 175857 3586 553 
29560 170954 5246 76 
19812 176720 3016 459 
15329 176923 1039 216 
25267 160193 5314 273 
34698 145072 5321 65 
30595 162229 5425 364 
43364 199717 321 418 
67753 211672 3206 71 
72351 214283 4098 246 
53302 228794 1564 109 
47572 240869 1108 805 
72813 244443 5765 45 
85825 244409 4221 504 
66461 249336 504 57 
46785 248171 3654 669 
57888 225601 5670 46 
72861 209334 2404 359 
65701 206467 1117 24 
49112 200427 5107 903 
64301 190424 9336 117 
85707 188797 5354 749 
69020 205014 1383 8 
50810 215089 3486 802 
56913 193365 5661 471 
95797 135965 64 716 
138339 81968 6178 1635 
114239 40236 13058 922 
63000 12472 4698 1454 
47843 8122 2867 341 
37328 15533 2143 424 
28696 14842 3424 1289 
26265 8496 3273 824 
32141 4401 1010 1677 
27161 5519 238 1095 
22774 4849 742 1610 
23047 4244 917 1061 
24083 3516 784 1178 
23661 3591 659 977 
22305 3249 769 1124 
21100 2148 485 608 
23425 1250 167 1095 
21614 1728 126 852 
19155 3099 672 1222 
18113 3347 1236 1722 
10109 4624 3726 501 
7860 5834 3229 551 
4314 1617 3761 1620 
741 9 1289 148 
796 181 854 248 
1126 260 1158 462 
2280 942 532 180 
1961 1745 204 154 
1250 2250 732 29 
219 2853 721 305 
82 3005 225 127 
387 2532 531 144 
890 1615 434 269 
710 895 29 185 
339 661 25 154 
203 449 175 147 
262 449 196 117 
305 387 173 107 
353 553 86 69 
1317 1194 734 372 
10065 8346 3763 398 
20073 30787 3926 1243 
13924 72795 2452 699 
2057 129365 3124 986 
401 173426 1824 83 
7455 192244 819 766 
18095 181855 4234 100 
18024 170090 2492 428 
11146 175085 314 26 
16819 165801 2615 774 
28893 156300 5533 5 
22566 161788 4293 588 
12794 172701 584 7 
17491 165756 3400 601 
28261 164617 7409 100 
22478 175022 6678 170 
15368 181102 3524 10 
16896 173894 7585 359 
27988 160207 10159 100 
24437 165395 8049 728 
17639 206541 1740 145 
36371 230725 3680 628 
60801 213458 5636 83 
62926 199741 2189 289 
44682 207009 770 348 
55375 213144 5606 171 
78029 212514 5165 501 
67954 226825 1432 129 
40734 246808 1335 887 
43268 252010 7009 137 
68745 238584 3430 584 
75947 227938 759 1 
59561 213978 4040 880 
48444 203461 9268 96 
67312 191933 5341 544 
71456 191664 2308 63 
53831 210229 2908 514 
48460 214308 7573 47 
69033 207292 3755 590 
86133 191100 2056 206 
85300 143889 10976 1365 
46542 90046 10111 824 
26635 40237 245 2276 
45434 18150 1812 378 
39693 21533 3539 1313 
29895 21689 3027 658 
28498 12223 2342 1176 
29738 9374 2317 1497 
30628 7946 1559 1288 
24994 5846 711 634 
23605 3324 853 901 
24324 2995 1087 656 
23033 2919 1142 759 
21821 2813 1010 689 
20255 1544 1870 840 
21654 1094 2776 399 
17168 1895 4310 886 
15913 3788 3462 511 
18531 4397 2820 882 
19107 5037 3683 527 
14601 7219 4135 1386 
7077 8903 1084 309 
2729 4600 2915 116 
543 1202 1346 815 
1401 192 250 371 
1504 79 192 291 
1376 116 436 61 
518 574 406 323 
520 1053 196 202 
596 953 486 179 
1014 833 414 233 
984 977 151 248 
901 911 151 211 
395 284 320 29 
156 13 124 177 
470 85 29 71 
393 249 15 71 
342 359 18 98 
483 466 17 52 
849 1357 175 145 
3438 8729 2840 407 
9124 30078 3980 1025 
9166 63222 2057 242 
6207 101575 687 1146 
8347 130419 5495 410 
9414 134844 3316 172 
9784 134285 2848 50 
13517 148988 2610 336 
21904 157389 5891 4 
25681 154389 3770 256 
18360 165860 1212 55 
14785 169251 3842 450 
24422 161151 6311 94 
27168 164782 4233 222 
16246 176981 845 131 
11230 182317 4337 388 
20237 180309 6549 76 
24761 181026 3540 193 
18907 183729 1972 0 
11801 181289 7751 921 
27537 169144 11722 233 
40714 157016 5658 137 
32237 174879 1875 399 
36227 207972 4102 55 
54060 210882 4782 429 
67209 210956 790 167 
46040 224027 1538 704 
28793 240357 7193 171 
45641 233918 2758 867 
68508 219748 432 48 
61025 215479 3404 441 
43029 221442 5844 167 
55589 225024 1930 486 
72073 217257 729 0 
64892 221826 3074 569 
46999 235348 5854 18 
50890 229813 1716 510 
66421 218087 1684 17 
63910 212500 5670 754 
37104 207478 6633 53 
21069 158298 745 1159 
42139 95612 10631 751 
78370 47817 10775 965 
68526 18198 1972 762 
39227 3850 722 933 
37140 696 1727 448 
31565 1984 2270 681 
25488 4547 2825 248 
27529 4908 1231 617 
26977 5238 1062 584 
24314 6180 1207 562 
20188 6214 659 297 
17924 4794 990 626 
20614 4517 1812 285 
21297 4240 1700 255 
20088 3962 1580 219 
16838 2916 3386 763 
21131 2707 4627 258 
22759 3227 3528 776 
19261 4273 2786 717 
11493 1844 6321 910 
5395 553 4045 624 
3394 287 4338 730 
758 2344 1619 387 
797 3613 670 80 
216 1910 220 343 
800 658 17 167 
1578 281 102 263 
2072 460 93 33 
1538 1023 53 188 
1112 1320 41 229 
454 1374 232 112 
108 995 39 354 
256 754 11 198 
664 326 120 324 
541 333 388 57 
240 530 249 183 
344 899 104 86 
395 895 102 62 
305 1163 178 50 
4844 8639 3545 789 
17627 30518 4596 479 
19476 72207 2295 1592 
7894 120038 1856 84 
6570 116016 1358 137 
4212 116924 4131 510 
12442 136344 10592 87 
25933 141241 4920 470 
21036 154009 1354 135 
11410 169940 4683 273 
15497 175604 6698 322 
25699 177689 2844 54 
21890 185904 1363 142 
10198 191603 6202 316 
12311 194985 8620 544 
21627 197829 4307 14 
21593 196847 3461 58 
14283 195327 7519 229 
14442 193436 9398 135 
24571 183188 4269 220 
27240 176881 4113 78 
22711 195041 6854 161 
32283 201616 8924 473 
63414 185262 790 639 
63009 186226 2595 466 
38816 207331 8950 217 
39241 215200 4088 785 
64788 214334 485 89 
71469 213006 3984 409 
51971 216571 5748 99 
41813 217883 1487 504 
57578 206438 1166 49 
62111 208638 4376 505 
43156 236790 8060 125 
41666 259519 3194 536 
56268 253495 3324 49 
73315 231285 7457 699 
57644 224142 7976 108 
39147 225600 1948 801 
55208 208932 2119 183 
97702 152380 7957 1250 
118794 101491 3681 564 
80444 62429 254 1791 
51315 34126 2069 547 
37425 28211 193 43 
34417 36253 1035 354 
22203 28629 3081 1568 
25693 15662 5762 499 
36614 8754 2014 1231 
29128 9568 286 204 
21620 8801 1007 636 
19868 6806 1342 235 
22585 5341 614 369 
23554 4682 600 258 
20198 4170 1442 506 
19014 4061 1727 208 
21400 3409 934 368 
21720 3442 921 290 
16992 4546 2348 881 
14734 5497 2804 478 
10321 4312 4478 208 
5380 7829 2427 296 
3158 8303 2694 173 
256 3084 528 461 
1003 1753 154 429 
1472 1985 404 201 
2044 1252 375 67 
1896 585 819 178 
1090 603 322 191 
220 1620 201 274 
73 2073 147 367 
183 2095 68 253 
750 1202 373 388 
909 959 645 85 
480 925 163 212 
160 921 157 110 
69 790 277 113 
192 842 222 95 
239 869 142 116 
740 1000 57 41 
5827 6487 1378 786 
14299 24889 4084 256 
14169 55638 1942 841 
3830 109964 2337 1041 
809 172467 6178 478 
6507 206680 1274 220 
14957 195499 3180 128 
16975 175508 4797 159 
10009 175182 3648 271 
15477 167155 236 232 
24552 157277 2059 117 
16898 167023 5313 249 
9417 181918 4045 304 
16141 179893 824 108 
25321 172028 4064 335 
17927 179398 8799 189 
11293 196736 7540 192 
16659 200261 3511 161 
24016 193472 6653 16 
20221 193406 10164 521 
13193 225438 9504 622 
33072 242988 1283 707 
58246 227173 7503 193 
59899 214373 6989 279 
41407 208124 1480 895 
55789 209844 2536 220 
81602 211778 8270 588 
68872 225290 6796 152 
36760 243511 193 1180 
39451 247927 5253 143 
65016 229633 5739 606 
68560 224668 2134 40 
52005 230235 492 262 
49053 227514 3375 104 
66016 218198 4368 335 
67997 218781 2381 11 
48754 230324 696 751 
41208 229365 7534 251 
66996 217581 7801 855 
76984 214258 2783 36 
68584 176798 6705 854 
33506 117711 15395 834 
19504 56292 5501 1752 
47990 23298 49 259 
40642 25580 1448 1007 
31474 28371 2307 407 
31134 19359 694 511 
31163 16093 1042 951 
32631 13988 867 436 
25280 9183 600 452 
23681 5272 9 438 
27247 3863 163 220 
23695 3657 673 579 
21853 3996 778 351 
20292 2699 1012 268 
23025 1837 1913 189 
19829 2587 3624 796 
14537 4816 3100 235 
