44 36 34 40 
43 30 34 38 
42 30 34 38 
47 33 34 35 
30 30 34 33 
37 30 34 29 
30 31 34 35 
36 31 34 54 
37 36 34 32 
38 34 34 34 
37 34 34 33 
39 30 34 34 
38 30 34 32 
45 30 34 37 
30 31 34 35 
39 30 34 37 
41 36 34 38 
42 35 34 37 
31 31 34 36 
53 31 34 37 
64 31 34 37 
51 30 34 38 
51 30 34 38 
50 30 34 38 
40 31 34 39 
40 31 34 38 
46 31 34 38 
40 31 34 38 
39 31 34 39 
43 34 36 41 
42 34 36 41 
44 34 36 38 
44 34 37 42 
51 34 36 41 
53 34 37 41 
48 34 36 41 
51 34 37 41 
53 34 37 41 
54 34 37 42 
53 34 37 42 
53 34 37 42 
54 34 37 41 
54 34 38 43 
53 34 37 42 
54 34 38 42 
53 34 38 41 
53 34 38 42 
54 34 38 39 
53 34 38 41 
54 34 38 41 
53 34 37 40 
52 34 37 40 
53 34 38 41 
54 34 37 40 
53 34 37 43 
52 34 38 42 
50 34 37 40 
45 34 38 41 
46 34 36 41 
45 34 36 40 
48 34 36 41 
47 34 37 40 
49 34 36 41 
52 34 37 41 
48 34 38 42 
53 34 37 41 
53 34 38 41 
53 34 38 40 
53 34 38 40 
54 34 38 40 
53 34 38 38 
55 34 38 42 
55 34 38 40 
33 34 39 41 
56 34 39 41 
54 34 37 40 
54 34 37 41 
55 34 38 42 
54 34 37 40 
55 34 38 42 
55 34 38 40 
55 34 37 40 
54 34 37 41 
56 34 39 41 
59 34 38 41 
55 34 38 41 
54 34 39 40 
54 34 38 42 
55 34 38 42 
54 34 38 43 
53 34 38 43 
54 34 39 43 
53 34 38 42 
54 34 38 42 
53 34 38 41 
55 34 38 42 
55 34 38 42 
56 34 37 40 
55 34 38 41 
53 34 37 42 
55 34 37 41 
49 34 37 42 
48 34 38 41 
51 34 37 41 
50 34 37 41 
48 34 38 41 
51 34 38 41 
52 34 37 40 
51 34 37 38 
54 34 36 41 
53 34 36 41 
53 34 37 42 
54 34 38 42 
54 34 38 41 
53 34 37 42 
54 34 38 42 
55 34 38 42 
53 34 38 41 
54 34 37 41 
53 34 36 41 
54 34 36 42 
54 34 37 42 
54 34 36 41 
53 34 36 41 
53 34 36 41 
55 34 37 43 
55 34 37 43 
53 34 37 42 
54 34 38 41 
54 34 38 41 
55 34 38 42 
54 34 37 41 
53 34 37 40 
52 34 37 41 
54 34 38 41 
53 34 37 40 
53 34 39 41 
53 34 39 39 
50 34 37 41 
48 34 37 39 
50 34 36 40 
53 34 37 36 
53 34 38 43 
52 34 38 41 
55 34 38 42 
55 34 37 42 
54 34 38 43 
54 34 39 43 
55 34 39 43 
55 34 39 43 
53 34 37 40 
54 34 38 41 
54 34 37 39 
54 34 37 41 
53 34 37 42 
54 34 36 40 
54 34 37 37 
54 34 37 67 
53 34 36 64 
53 34 36 42 
53 34 37 42 
53 34 37 43 
54 34 37 42 
54 34 36 41 
50 30 34 38 
50 31 34 36 
50 32 34 37 
50 32 34 38 
54 34 37 35 
54 34 37 41 
52 34 36 40 
53 34 37 41 
53 34 37 42 
44 34 37 34 
43 34 38 34 
45 34 37 38 
54 34 37 39 
51 34 37 39 
50 34 38 62 
31 34 37 37 
39 34 38 40 
34 34 38 43 
33 34 38 43 
40 34 38 42 
39 34 39 42 
39 34 39 41 
43 34 37 37 
42 34 37 63 
53 34 38 39 
52 34 38 38 
54 34 37 46 
54 34 37 41 
32 34 37 43 
34 34 37 41 
16 34 37 39 
51 34 37 40 
54 34 38 40 
53 34 37 41 
55 34 38 43 
54 34 38 36 
53 34 37 43 
53 34 37 42 
54 34 38 35 
53 34 37 43 
54 34 36 41 
53 34 37 41 
52 34 38 42 
38 34 38 44 
41 34 38 44 
52 34 38 5 
51 34 38 43 
53 34 37 43 
53 34 37 42 
51 34 37 42 
51 34 37 42 
31 34 36 41 
51 34 36 41 
34 34 36 43 
33 34 36 61 
33 34 37 41 
37 34 37 41 
34 34 36 41 
49 34 37 41 
33 34 38 60 
38 34 38 42 
38 34 39 48 
33 34 38 39 
39 34 38 46 
42 34 39 54 
44 34 38 38 
44 34 50 2 
47 34 38 42 
46 34 37 42 
29 34 38 35 
34 34 38 40 
38 34 39 32 
40 34 36 39 
52 34 37 32 
46 34 36 37 
46 34 37 50 
48 34 37 40 
46 34 37 39 
45 34 36 67 
44 34 37 40 
47 34 37 38 
47 34 39 51 
42 34 38 62 
40 34 38 2 
34 34 37 51 
38 34 38 51 
5 34 37 52 
3 34 37 58 
49 34 37 63 
48 34 37 66 
43 34 37 60 
40 34 35 35 
43 34 37 43 
54 34 38 37 
51 34 36 35 
55 34 38 42 
34 34 37 42 
55 34 38 43 
52 34 38 44 
35 34 37 40 
54 34 38 39 
58 34 39 38 
56 34 38 42 
54 34 38 42 
53 34 36 41 
54 34 37 41 
56 34 38 41 
67 34 38 42 
67 34 36 41 
67 34 35 40 
58 34 37 41 
65 34 38 41 
66 34 37 42 
64 34 37 41 
33 34 37 40 
44 34 38 40 
54 34 38 38 
53 34 37 41 
39 34 37 41 
32 34 36 37 
39 34 38 38 
34 29 34 36 
34 30 34 37 
38 34 38 41 
37 34 37 41 
37 34 37 40 
31 34 37 41 
67 34 38 41 
67 34 39 43 
31 34 37 42 
37 34 37 41 
33 34 37 36 
31 34 37 41 
53 34 37 42 
32 34 36 40 
37 34 36 40 
