1760 1831 2605 354 
1918 2504 2610 338 
1938 4111 2668 328 
1882 6356 268584019 646774784 
3589 15907 2441 403 
3261 23719 2684 353 
3293 32292 2751 336 
4025 39582 3166 348 
4873 46068 3864 347 
5256 52369 4292 356 
5793 58772 4382 367 
6526 65614 4549 357 
7030 73091 4905 367 
7169 81105 5069 365 
7380 89207 5116 367 
7939 97167 5397 368 
8438 105267 5736 380 
8603 113668 5817 381 
8770 122215 5879 388 
9359 130652 6236 408 
10137 138872 6510 420 
10529 147180 6507 440 
10777 155748 6529 445 
11401 164258 6720 486 
12284 172831 6845 497 
12875 181515 6789 530 
13128 190155 6937 532 
13683 198858 7375 565 
14493 207796 7703 571 
15129 216678 7877 613 
15367 225473 8380 617 
15776 234046 9098 677 
16616 242597 9464 683 
17323 251266 9660 730 
17608 260104 10212 734 
17948 268904 10855 794 
18705 277902 11136 801 
19446 287058 11347 847 
19756 296449 11938 851 
19927 305281 12382 896 
20524 311508 12577 885 
21812 313983 13465 935 
22934 312673 14315 940 
23123 308320 14484 1047 
23494 302373 14352 1056 
23767 294873 14014 1059 
23708 286631 13920 1060 
23000 279583 13478 1047 
22205 273275 12814 1044 
21849 267109 12392 1032 
21341 260797 12286 1013 
20612 254052 12090 1020 
20109 246664 11690 1003 
20009 238715 11484 999 
19835 230670 11402 990 
19282 222768 11075 980 
18763 214720 10670 964 
18632 206353 10521 955 
18509 197825 10402 941 
17935 189401 9989 918 
17163 181165 9650 905 
16774 172823 9578 883 
16526 164252 9492 876 
15908 155768 9205 834 
15026 147228 8986 823 
14453 138571 8959 789 
14235 129935 8760 787 
13695 121252 8281 753 
12889 112377 7927 748 
12249 103548 7743 705 
12011 94792 7241 701 
11608 86252 6527 641 
10767 77730 6160 636 
10056 69084 5960 591 
9774 60265 5411 588 
9441 51480 4763 529 
8684 42499 4474 524 
7942 33358 4259 480 
7639 23975 3671 477 
7469 15176 3245 428 
6888 9086 3110 451 
5728 6895 2181 388 
4719 8624 1270 399 
4552 13418 1107 281 
4145 20158 1312 327 
3966 28376 1668 318 
4213 35956 1769 325 
4668 42755 2062 316 
5090 49788 2383 304 
5700 56894 2561 325 
6672 64010 2629 321 
7500 71251 2934 362 
7716 78656 3519 364 
7921 86317 3775 398 
8493 94076 3869 396 
9122 101781 4163 421 
9403 109631 4567 419 
9581 117568 4719 445 
10028 125313 4840 447 
10660 132769 5214 481 
10977 140113 5633 481 
11150 147681 5798 519 
11662 155482 5878 524 
12440 163295 6191 558 
12953 171191 6512 564 
13140 179120 6580 590 
13433 186647 6771 612 
14069 193958 7265 649 
14529 201552 7744 659 
14726 209337 7960 683 
15023 216864 8380 709 
15708 224093 9121 746 
16269 231520 9694 759 
16485 239335 9931 792 
16753 247176 10392 818 
17367 254936 11099 850 
17951 262867 11567 869 
18194 270953 11807 899 
18357 278935 12376 929 
18954 286298 12965 948 
20088 291483 13110 986 
20981 293363 13918 965 
21016 291519 14959 1045 
20759 286682 15227 1049 
21026 279820 15034 984 
21109 271262 14727 1007 
20903 263259 14645 1012 
20552 256240 14459 1030 
20255 249218 14161 1031 
19722 242264 13980 1012 
18747 235321 13950 1023 
17916 228214 13667 981 
17712 220940 13103 983 
17498 213407 12866 946 
16897 205787 12797 950 
16252 198223 12528 925 
16007 190489 12134 934 
15868 182652 12006 908 
15392 174999 11938 913 
14739 167626 11610 882 
14414 160369 11244 883 
14254 152890 11151 845 
13749 145158 11161 843 
12975 137385 10905 809 
12480 129518 10622 804 
12313 121613 10607 778 
12012 114091 10485 755 
11362 106753 10022 719 
10902 99142 9561 709 
10715 91372 9367 685 
10424 83878 8967 658 
9740 76679 8248 622 
9179 69267 7713 608 
8979 61455 7511 576 
8725 53624 7069 551 
8115 45890 6376 519 
7538 37986 5938 499 
7315 29917 5719 469 
7171 21951 5160 439 
6604 14619 4558 424 
5576 9505 4452 385 
4770 7708 3807 413 
4688 9989 2855 374 
4790 15597 2592 362 
4546 22152 2722 400 
4585 28906 3103 386 
4635 35456 3286 369 
4541 42616 3247 362 
4787 50419 3583 386 
5638 58721 4166 394 
6480 67358 4380 403 
6860 76230 4568 405 
7052 84707 5048 425 
7620 92953 5456 435 
8332 101274 5574 447 
8695 109749 5728 452 
8772 118054 6170 480 
9144 126179 6474 490 
9758 134229 6543 503 
10146 142301 6715 506 
10320 150341 7105 537 
10798 158535 7366 549 
11608 167018 7345 575 
12247 175500 7499 577 
12431 183703 7874 633 
12667 191660 8011 636 
13268 199027 8044 677 
13894 205977 8406 677 
14119 212982 9008 723 
14418 220226 9372 727 
15065 227305 9611 775 
15759 234255 10150 776 
16069 241276 10808 843 
16313 248460 11116 845 
16885 255478 11397 898 
17576 262391 12012 900 
17912 269353 12634 973 
18095 276532 12914 979 
18514 283382 13281 1035 
19249 289620 13949 1039 
19916 293814 13986 1066 
19674 294876 13993 1082 
18984 292093 14939 1070 
18906 286378 15515 1146 
19186 279883 15482 1168 
19239 273232 15209 1198 
19248 266889 15041 1202 
19327 259872 15045 1202 
19018 252001 14751 1198 
18105 243478 14176 1188 
17272 234625 13935 1178 
16924 225590 13753 1177 
16726 217001 13310 1156 
16150 208723 12924 1151 
15460 200391 12818 1142 
15153 191902 12710 1137 
15079 183637 12324 1106 
14647 175594 12023 1096 
14002 167593 11978 1086 
13648 159540 11878 1079 
13515 151538 11538 1049 
13049 143389 11297 1040 
12241 134898 11354 1015 
11618 126397 11270 1013 
11432 118192 10977 957 
11165 110248 10862 954 
10534 102906 10891 911 
9919 95957 10632 911 
9708 88919 10079 866 
9407 81667 9741 862 
8757 74594 9532 813 
8069 67649 9001 812 
7780 60642 8337 746 
7547 53478 8049 744 
6970 46476 7810 688 
6285 39579 7215 688 
5963 32638 6593 616 
5780 25489 6324 610 
5348 18683 5981 553 
4611 12499 5319 554 
3868 8370 5136 506 
3813 7281 5053 502 
4288 9791 4197 473 
4288 15565 3687 414 
4086 21899 3586 369 
4026 27781 3767 354 
3805 34353 4211 352 
3761 41917 4330 354 
4251 49691 4488 351 
4862 57553 4966 349 
5044 65555 5287 387 
5069 73542 5315 383 
5458 81362 5581 424 
6114 89075 6123 420 
6379 97256 6440 454 
6393 105934 6480 452 
6649 114298 6766 472 
7275 122201 7182 477 
7678 130231 7324 504 
7759 138476 7289 508 
8011 146571 7480 535 
8667 154427 7762 547 
9262 162258 7753 579 
9480 170020 7692 599 
9697 177439 7909 631 
10355 184451 8135 656 
11058 191310 8118 678 
11406 197843 8176 726 
11617 204063 8719 769 
12251 210388 9296 791 
12928 216964 9545 823 
13297 223578 9871 860 
13450 230029 10590 896 
13885 236276 11112 936 
14517 242515 11315 975 
14925 248661 11709 1029 
15051 254694 12486 1074 
15406 260684 13021 1118 
16014 266652 13269 1158 
16460 272401 13770 1207 
16390 276382 14183 1188 
15856 277326 13999 1274 
15652 274776 14558 1224 
16131 269059 15318 1314 
16436 262860 15562 1282 
16520 257246 15552 1271 
16712 250857 15206 1339 
16684 243403 15160 1345 
16152 235681 15055 1347 
15534 227855 14642 1349 
15321 219887 14407 1308 
15247 211975 14424 1315 
14840 204228 14184 1280 
14183 196562 13698 1279 
13922 188392 13420 1244 
13883 179711 13403 1247 
13592 171296 13159 1228 
12953 163298 12783 1224 
12582 155173 12644 1189 
12528 146843 12695 1188 
12270 138617 12546 1164 
11621 130624 12308 1152 
11047 122722 12341 1116 
10831 114923 12404 1096 
10606 107460 12225 1065 
9959 100397 12041 1040 
9292 93494 12043 1020 
8965 86943 11992 973 
8764 80696 11498 929 
8147 74308 10974 908 
7483 67654 10773 875 
7125 60964 10507 837 
6967 54449 9834 801 
6515 48154 9318 759 
5883 41865 9126 720 
5477 35661 8772 664 
5340 29571 8036 617 
4972 23537 7518 572 
4364 17520 7278 533 
3903 11688 6811 477 
3833 7479 6369 503 
4183 6169 6401 410 
4421 8110 5829 454 
4112 13444 5175 404 
3849 20014 4911 409 
3657 26212 4739 415 
3429 33016 5130 362 
3704 40209 5271 371 
4408 47247 5177 357 
4912 53951 5547 411 
5011 60936 6207 414 
5239 68267 6609 428 
5590 75943 6836 427 
5877 83636 7123 445 
5901 91502 7608 443 
6081 99443 7783 468 
6572 107239 7829 461 
7039 114699 8144 498 
7128 122152 8607 499 
7270 129703 8743 528 
7775 137377 8745 523 
8335 144833 9019 564 
8586 152181 9316 567 
8809 159593 9344 618 
9392 166988 9318 623 
10189 173919 9555 696 
10559 181069 9903 708 
10794 188457 10001 745 
11280 195518 10161 747 
12047 202175 10681 825 
12464 209089 11279 839 
12641 216170 11502 910 
13061 223152 11803 922 
13828 229663 12428 1017 
14382 236176 12958 1035 
14623 242751 13159 1117 
15029 249217 13538 1130 
15817 255367 14203 1224 
16440 261727 14738 1248 
16688 268001 15031 1322 
16702 272424 15903 1320 
17172 273730 16376 1402 
18094 271924 16202 1400 
18833 266649 16413 1423 
19269 259980 16692 1521 
19437 253692 16693 1555 
19586 246789 16271 1584 
19245 239494 16057 1586 
18475 232418 16112 1592 
17926 225735 15709 1550 
17813 218757 14978 1548 
17594 211397 14543 1530 
17254 203627 14299 1530 
16987 195772 13993 1515 
16961 187753 13499 1519 
16773 179694 13298 1497 
16300 171799 13224 1503 
15881 164271 12919 1469 
15817 156798 12461 1470 
15670 149262 12301 1443 
15170 141628 12278 1441 
14615 134229 11985 1400 
14364 126919 11637 1405 
14130 119526 11522 1356 
13552 112140 11442 1352 
12775 105204 11144 1279 
12421 98041 10742 1266 
12195 90630 10592 1227 
11713 83552 10408 1223 
10948 76888 9894 1146 
10519 69980 9325 1132 
10325 62917 9113 1062 
9889 55945 8841 1052 
9126 49429 8253 958 
8577 42911 7727 939 
8327 36333 7524 857 
7914 29856 7152 844 
7123 23686 6500 750 
6497 17305 5973 726 
6231 11009 5700 649 
6171 6513 4974 654 
5789 5073 4460 572 
5071 6598 4445 564 
4586 10932 4155 521 
4104 17781 4030 452 
3814 26142 3965 398 
3864 34611 3996 389 
4527 42597 4519 379 
5214 50197 4822 370 
5631 57968 4914 377 
6155 66014 5056 376 
6935 73818 5319 404 
7547 82053 5549 395 
7685 90611 5521 436 
7795 98503 5767 432 
8311 105771 6204 470 
8743 113176 6468 463 
8874 120791 6518 488 
9001 128218 6754 487 
9442 135299 7118 524 
9950 142330 7257 524 
10176 149381 7255 563 
10362 156439 7467 562 
11011 163435 7892 635 
11792 170658 8087 638 
12224 177964 8137 694 
12365 185059 8504 707 
12832 192031 8977 795 
13448 199344 9267 815 
13893 206715 9466 869 
14132 214106 9922 881 
14647 221209 10446 962 
15514 228261 10636 971 
16192 235196 10822 1039 
16489 242112 11377 1051 
16961 248832 11873 1145 
17828 255546 12042 1161 
18617 262149 12303 1239 
18973 268857 12946 1249 
19400 275503 13408 1332 
20409 280634 13645 1379 
22197 282665 14785 1415 
23536 281409 15779 1483 
23636 276996 15830 1555 
23916 270033 15793 1539 
24199 261421 15794 1559 
24221 252702 15739 1559 
23601 244464 15267 1557 
22926 236719 15006 1591 
22514 228879 14921 1577 
21982 220786 14803 1577 
21190 212887 14540 1552 
20598 204547 14273 1556 
20479 195912 14260 1518 
20387 187955 13993 1522 
19908 180613 13545 1483 
19523 173149 13242 1490 
19429 165491 13139 1466 
19327 158018 12849 1467 
18874 150888 12414 1429 
18354 143833 12191 1434 
18101 136774 12093 1398 
17890 129696 11802 1400 
17250 122677 11353 1328 
16478 115442 11114 1325 
16032 108135 10999 1271 
15867 101053 10583 1258 
15376 94113 10067 1178 
14731 86842 9759 1162 
14270 79504 9541 1109 
14024 72121 9055 1100 
13515 65003 8508 1020 
12659 57948 8283 1009 
11981 51018 8083 940 
11677 44107 7524 930 
11204 37389 7011 837 
10337 30676 6813 820 
9545 24070 6534 741 
9183 17359 5879 732 
8758 10702 5375 649 
7823 5508 5119 597 
6152 3246 4213 553 
4812 4235 3305 521 
4452 8280 3177 418 
4104 13683 3082 471 
3979 20460 3376 470 
4111 27748 3510 440 
4395 34779 3509 424 
4639 41926 3558 389 
5053 49191 3836 401 
5807 55901 3944 406 
6515 62446 4052 423 
6783 68993 4456 430 
7109 75343 4897 469 
7639 82348 5159 460 
7992 89901 5260 475 
8071 97650 5557 472 
8168 105393 5961 507 
8542 113266 6155 505 
8949 121177 6281 523 
9171 129078 6585 520 
9445 137213 7053 571 
10227 145519 7211 570 
11281 153581 7364 629 
11902 161582 7857 636 
12183 169532 8299 718 
12728 177579 8494 734 
13527 185120 8763 770 
14112 192388 9300 771 
14415 199950 9903 858 
15120 207990 10131 864 
16163 215934 10394 916 
17030 223655 10953 930 
17399 231209 11414 1025 
17978 238786 11548 1039 
18994 245870 11839 1106 
19906 252810 12417 1117 
20347 259868 12902 1210 
20951 267195 13074 1227 
22033 274096 13437 1293 
23582 279429 13769 1324 
24588 281932 13448 1382 
24435 281214 13559 1381 
24289 277418 14034 1399 
24808 272109 14106 1405 
25115 265288 13716 1490 
25023 257953 13497 1523 
24729 250979 13381 1531 
24473 243854 13187 1550 
24089 236557 12835 1533 
23380 229803 12663 1526 
22742 223222 12514 1505 
22510 216668 12082 1497 
22188 210325 11592 1452 
21676 203320 11276 1455 
21348 195760 11114 1438 
21290 188003 10758 1437 
21186 180245 10301 1397 
20781 172361 10060 1397 
20345 164445 9885 1377 
20120 156520 9521 1376 
19843 148333 9028 1322 
19073 140005 8827 1317 
18004 131929 8647 1261 
17365 123921 8137 1252 
17077 115966 7679 1169 
16520 107905 7467 1155 
15718 100331 7168 1116 
15135 93025 6577 1110 
14839 85434 5917 1023 
14137 77386 5615 1015 
13091 69447 5294 963 
12216 61723 4675 950 
11836 54163 4137 857 
11260 46584 3936 842 
10252 39503 3600 777 
9347 32568 2983 767 
8912 25517 2467 675 
8312 18195 2263 660 
7233 11301 1878 595 
5618 5989 1422 562 
4346 3557 1675 509 
4297 4293 1656 488 
4592 8629 1189 522 
4204 15860 1233 452 
3980 23239 1268 361 
3962 29392 1528 338 
3924 35594 2108 345 
4173 42646 2685 329 
4779 50168 2903 340 
5396 57538 3300 348 
5616 64372 3982 399 
5694 71474 4527 394 
6064 78974 4767 418 
6548 86573 5072 419 
6785 94163 5532 448 
6868 102067 5879 445 
7293 110147 5999 468 
7941 118224 6248 467 
8307 126494 6719 509 
8469 135499 7052 506 
9196 144805 7105 554 
10415 153787 7383 553 
11361 162655 7763 605 
11896 171887 7948 604 
12675 180992 8028 641 
13920 189730 8331 641 
14835 198706 8845 729 
15295 208738 9213 735 
15946 218752 9399 781 
17194 228079 9934 780 
18428 236908 10639 853 
19005 246070 11048 856 
19593 255163 11258 901 
20734 263851 11809 900 
21979 272302 12496 966 
22578 281210 12864 971 
23054 290227 13061 1014 
24034 298965 13606 1012 
25278 307478 14207 1068 
26096 315048 14384 1046 
26068 319460 14883 1103 
25540 319727 15959 1097 
25813 315722 16413 1155 
26424 308730 16330 1148 
26794 301589 16439 1143 
26803 295471 16303 1134 
26890 289232 15752 1120 
26699 282187 15217 1125 
26134 274674 15040 1115 
25544 267293 14716 1109 
25302 260489 14124 1055 
25146 253481 13670 1067 
24703 246119 13478 1043 
24150 238632 13246 1043 
23846 231130 12846 1012 
23680 223300 12543 1016 
23161 215271 12484 996 
22442 207215 12303 998 
22045 198949 11888 955 
21851 189945 11601 958 
21093 180637 11623 921 
19840 171663 11412 926 
18886 162801 11119 875 
18354 153565 11017 881 
17575 144457 11010 850 
16345 135719 10777 850 
15442 126753 10296 763 
14974 116741 9921 770 
14318 106733 9709 735 
13064 97395 9146 738 
11822 88552 8423 674 
11252 79383 8004 675 
10674 70294 7791 633 
9530 61622 7244 635 
8274 53198 6564 572 
7667 44321 6207 568 
7184 35328 6020 525 
6203 26606 5487 529 
4954 18110 4902 476 
4150 10565 4711 492 
4355 6116 4048 437 
5083 5701 2962 438 
4680 9392 2677 383 
3924 15055 2616 392 
3417 20387 2695 403 
3202 25914 2986 397 
3071 32343 3293 419 
3290 39634 3305 412 
3801 46789 3513 429 
4209 53808 3798 423 
4352 60495 3857 448 
4649 67143 3851 440 
5309 73450 4104 472 
5849 79986 4455 486 
6114 87767 4732 495 
6643 96395 4814 495 
7675 104828 5089 520 
8676 113358 5545 532 
9056 122411 5782 551 
9368 131409 5870 550 
10028 139762 6143 567 
10653 148293 6578 580 
10900 157275 6759 604 
11154 166468 6799 616 
11731 175547 7087 647 
12267 184967 7516 679 
12481 195146 7803 686 
12668 205297 8055 680 
13209 214599 8711 724 
13955 223539 9486 750 
14331 232720 9926 762 
14549 241903 10248 771 
15017 250443 10917 816 
15821 258536 11669 853 
16310 266881 12097 861 
16572 275357 12381 877 
17017 283474 12985 908 
17780 291406 13677 936 
18304 299666 14095 944 
18373 306878 14628 926 
17957 310883 15565 987 
17987 311141 15797 961 
18636 307671 15628 973 
19187 302108 15822 971 
19332 296646 15700 1021 
19402 291104 15294 1034 
19425 284757 14967 1014 
19118 277478 14928 1021 
18533 270293 14739 1001 
18072 263253 14410 1005 
17871 256542 14264 978 
17554 249837 14205 979 
16888 243434 13940 945 
16328 236837 13535 930 
16005 229037 13214 918 
15415 220400 13119 914 
14348 211957 12797 887 
13339 203425 12284 872 
12950 194368 12012 850 
12631 185363 11892 847 
11986 177011 11555 818 
11384 168475 11067 798 
11159 159507 10790 768 
10918 150331 10667 754 
10332 141285 10309 716 
9768 131933 9800 684 
9534 121848 9464 678 
9349 111755 9195 675 
8819 102488 8540 620 
8085 93580 7773 592 
7718 84439 7334 574 
7495 75301 7018 560 
7016 66809 6359 512 
6207 58746 5609 473 
5717 50414 5176 460 
5450 41946 4886 443 
5003 33840 4275 410 
4233 25923 3584 378 
3704 17670 3166 367 
3585 10394 2723 377 
3852 6264 1899 322 
3694 5910 1567 343 
3072 8770 1581 283 
2604 13518 1371 297 
2372 19720 1423 248 
2288 27535 1626 235 
2523 35617 1672 241 
3114 43155 1982 242 
3560 50275 2304 246 
3789 57770 2495 269 
4267 65465 2591 278 
5090 72374 2876 300 
5728 79110 3309 299 
6037 86137 3593 331 
6629 93602 3666 330 
7588 101489 3867 356 
8352 109750 4262 353 
8676 118438 4464 385 
9046 127205 4540 386 
9770 135717 4838 421 
10415 144482 5265 421 
10644 153485 5423 475 
10810 162390 5524 482 
11198 170905 5796 528 
11622 179496 6149 530 
11796 188372 6329 571 
11911 197156 6473 572 
12335 205746 6954 641 
12804 214702 7551 643 
13015 224001 7846 691 
13112 233376 8119 696 
13475 242159 8727 764 
14025 250816 9335 765 
14353 259521 9647 803 
14493 268129 10016 805 
14839 276242 10711 858 
15395 284295 11337 859 
15734 292614 11656 891 
15890 301031 12025 894 
16220 307962 12551 945 
17114 312101 12465 924 
18269 312793 12556 942 
19000 310082 13324 955 
19081 305084 13780 981 
19290 298804 13832 958 
19352 291058 13685 976 
19080 283089 13684 970 
18479 275602 13382 968 
18027 268512 13018 963 
17771 261067 12819 937 
17282 253393 12766 928 
16490 246467 12490 905 
15877 239705 12032 905 
15557 232659 11749 871 
14947 225177 11694 871 
13993 217277 11482 845 
13258 209010 11105 845 
12962 200318 10925 813 
12597 191551 10855 811 
11886 183048 10580 775 
11247 174308 10159 776 
11021 165324 10015 726 
10843 156427 9951 722 
10433 147925 9684 674 
10004 139328 9341 673 
9835 130400 9197 634 
9729 121539 9083 628 
9297 112926 8612 557 
8806 103992 8013 557 
8580 94709 7713 510 
8468 85344 7434 504 
8099 76567 6812 438 
7544 67905 6190 437 
7214 59179 5869 402 
7070 50546 5493 400 
6723 42404 4789 349 
6164 34323 4152 349 
5824 25982 3817 316 
5668 17549 3432 313 
5343 10531 2817 267 
4457 6050 2892 272 
3444 4754 2931 272 
2952 6919 2182 261 
2879 12399 1785 262 
2655 19939 1743 262 
2674 27592 1694 259 
3047 34253 1839 259 
3411 40380 2060 264 
3649 46807 2239 264 
4101 53354 2287 286 
4888 59889 2488 288 
5657 65990 2759 319 
6056 72269 2905 331 
6544 78675 2942 349 
7414 84946 3112 355 
8150 91569 3429 374 
8466 98824 3597 386 
8764 106083 3669 410 
9435 112908 3964 415 
10193 119468 4291 448 
10560 126090 4427 463 
10812 132560 4504 487 
11245 139066 4688 503 
11761 145635 4923 536 
12013 152564 5001 568 
12138 159602 5037 611 
12549 166565 5340 642 
13154 173569 5678 674 
13556 180583 5808 696 
13737 187356 6001 738 
14016 193732 6422 757 
14522 199886 6766 789 
14912 206060 6908 814 
15092 212105 7117 849 
15320 217826 7551 872 
15778 223494 7912 894 
16148 229365 8081 921 
16355 235304 8282 950 
16595 241116 8708 978 
17241 246245 8916 1008 
18353 249302 8995 990 
19219 249441 9613 1046 
19212 246460 10168 1035 
19179 240770 10157 1071 
19421 233238 10032 1117 
19447 225594 10093 1123 
19150 218892 9911 1127 
18871 212733 9741 1126 
18668 206271 9630 1127 
18242 199681 9619 1110 
17510 193137 9394 1109 
16770 187067 9143 1083 
16352 180855 9067 1071 
15850 174547 9062 1056 
14993 168374 8909 1053 
14294 161812 8650 1036 
14009 154619 8512 1024 
13700 147435 8448 1000 
13008 140670 8189 997 
12231 134162 7892 965 
11841 127641 7842 951 
11563 121321 7829 924 
11120 114928 7712 905 
10605 108417 7535 872 
10352 101517 7488 841 
10225 94501 7447 794 
9807 87551 7154 764 
9210 80509 6841 738 
8807 73430 6716 718 
8626 66611 6524 674 
8348 60189 6109 653 
7850 53987 5772 622 
7464 47774 5631 597 
7286 41715 5415 559 
7063 35992 4978 535 
6616 30323 4613 512 
6256 24453 4440 485 
6065 18515 4235 456 
5839 12702 3804 428 
5222 7622 3609 395 
4055 4687 3467 420 
2960 4660 2748 353 
2775 7946 2243 401 
2769 14241 2358 340 
2664 21378 2349 298 
2845 27348 2480 291 
3020 32764 2798 287 
3213 38786 3089 276 
3751 45457 3154 284 
4502 52163 3300 281 
5124 58436 3616 299 
5411 64371 3785 294 
5742 69994 3822 310 
6320 75496 3985 306 
6847 80921 4317 337 
7045 86817 4568 336 
7366 93249 4613 354 
8004 99530 4772 356 
8742 105517 5020 384 
9230 111647 5218 386 
9814 118096 5252 407 
10619 124912 5287 417 
11591 131556 5428 476 
12221 138290 5548 479 
12645 145065 5537 530 
13324 151563 5647 535 
14266 157708 5843 578 
15017 163720 5960 579 
15490 169436 6018 630 
16120 174956 6207 639 
17030 180172 6424 697 
17730 185512 6549 707 
18203 190939 6600 747 
18795 196274 6758 755 
19717 201253 6930 804 
20542 206188 7005 812 
21071 211241 7022 852 
21706 216361 7137 859 
22701 221363 7270 901 
23885 225771 7281 904 
24834 228116 7462 951 
24733 227704 7876 942 
24429 224254 7911 983 
24920 218045 7733 960 
25405 211003 7736 969 
25697 205123 7545 991 
25809 199891 7336 991 
25773 194127 7054 1003 
25375 187707 7006 1002 
24727 181203 6908 1003 
24202 175092 6682 985 
23941 169294 6527 995 
23621 163760 6456 983 
23066 158276 6308 988 
22567 152868 6009 956 
22355 147039 5750 960 
21989 140695 5707 944 
21320 134482 5602 945 
20590 128562 5378 917 
20111 122511 5179 918 
19541 116055 5115 899 
18746 109123 5044 888 
17782 102405 4854 828 
17153 95694 4735 825 
16731 89000 4764 773 
16050 82577 4702 767 
15103 76448 4515 728 
14339 70432 4377 720 
13861 64720 4325 666 
13230 59202 4148 656 
12316 53991 3939 598 
11607 48661 3829 588 
11127 43236 3806 549 
10533 37895 3680 541 
9609 32905 3528 495 
8777 27955 3463 487 
8242 22885 3453 447 
7596 17748 3343 441 
6591 12730 3218 399 
5372 8295 3187 388 
4476 5893 3051 352 
4858 6174 2733 341 
5395 9318 2670 321 
4982 14289 2692 318 
4460 18990 2697 333 
3853 23670 2840 296 
3596 29081 2951 306 
3788 35296 2915 296 
4184 41523 2907 296 
4446 47694 3015 291 
4550 53934 3063 300 
4964 60270 3029 291 
5975 66040 3211 321 
6855 71586 3597 327 
7289 77455 3853 344 
7901 83558 3905 344 
8670 89456 4011 350 
9403 95285 4155 350 
9849 101050 4225 362 
10386 106876 4202 371 
11272 112858 4260 383 
12118 119098 4468 403 
12619 125588 4570 419 
13124 132302 4540 432 
13938 138773 4622 464 
14945 144950 4748 478 
15612 150981 4777 515 
16078 157054 4783 540 
16775 162908 4855 577 
17650 168584 4929 597 
18252 174449 4949 617 
18689 180399 4934 629 
19324 186012 4970 664 
20230 191335 5028 680 
20902 196705 5049 700 
21335 202155 5037 713 
21964 207456 5085 740 
22908 212553 5162 752 
23640 217759 5195 772 
